1 53
1 67
1 101
1 108
1 117
1 121
1 122
1 156
1 158
1 165
1 191
1 192
1 197
1 200
1 241
1 271
1 299
1 306
1 310
1 317
1 321
1 322
1 351
1 362
1 377
1 382
1 383
1 385
1 391
1 392
1 394
1 399
1 402
1 406
1 407
1 413
1 418
1 422
1 442
1 476
1 485
1 487
1 488
1 492
1 495
1 512
1 514
1 516
1 525
1 540
1 557
1 560
1 564
1 572
1 575
1 587
1 603
1 619
1 620
1 650
1 651
1 657
1 658
1 663
1 665
1 673
1 678
1 688
1 689
1 690
1 692
1 705
1 708
1 719
1 721
1 726
1 732
1 740
1 743
1 746
1 758
1 773
1 775
1 782
1 788
1 792
1 804
1 819
1 832
1 833
1 853
1 863
1 875
1 883
1 885
1 911
1 913
1 915
1 919
1 925
1 928
1 947
1 949
1 957
1 964
1 994
1 1010
1 1025
1 1047
1 1048
1 1065
1 1068
1 1069
1 1086
1 1092
1 1104
1 1116
1 1117
1 1132
1 1136
1 1145
1 1148
1 1150
1 1176
1 1182
1 1185
1 1205
1 1278
1 1292
1 1319
1 1321
1 1330
1 1349
1 1353
1 1359
1 1377
1 1384
1 1403
1 1408
1 1449
1 1454
1 1459
1 1464
1 1468
1 1488
1 1492
1 1509
1 1517
1 1528
1 1534
1 1550
1 1554
1 1562
1 1572
1 1573
1 1591
1 1595
1 1599
1 1614
1 1628
1 1639
1 1641
1 1646
1 1652
1 1668
1 1684
1 1747
1 1770
1 1794
1 1801
1 1806
1 1814
1 1821
1 1827
1 1833
1 1843
1 1866
1 1896
1 1900
1 1908
1 1909
1 1939
1 1950
1 1951
1 1965
1 2008
1 2012
1 2015
1 2021
1 2022
1 2023
1 2026
1 2038
1 2046
1 2050
1 2065
1 2080
1 2086
1 2089
1 2097
1 2106
1 2120
1 2136
1 2152
1 2160
1 2182
1 2194
1 2196
1 2197
1 2210
1 2211
1 2213
1 2224
1 2227
1 2229
1 3010
1 3022
1 3048
1 3061
1 3083
1 3108
1 3122
1 3134
1 3136
1 3137
1 3140
1 3151
1 3152
1 3174
1 3187
1 3189
1 3211
1 3230
1 3262
1 3273
1 3288
1 3295
1 3314
1 3320
1 3325
1 3326
1 3335
1 3338
1 3350
1 3356
1 3369
1 3379
1 3392
1 3393
1 3452
1 3456
1 3457
1 3458
1 3473
1 3501
1 3516
1 3520
1 3522
1 3527
1 3529
1 3530
1 3535
1 3544
1 3547
1 3552
1 3561
1 3568
1 3569
1 3578
1 3580
1 3581
1 3583
1 3585
1 3588
1 3594
1 3601
1 3604
1 3614
1 3618
1 3652
1 3653
1 3663
1 3668
1 3671
1 3672
1 3673
1 3686
1 3692
1 3696
1 3700
1 3707
1 3719
1 3734
1 3741
1 3757
1 3768
1 3775
1 3778
1 3780
1 3796
1 3816
1 3834
1 3838
1 3856
1 3862
1 3870
1 3874
1 3878
1 3882
1 3916
1 3924
1 3933
1 3938
1 3942
1 3943
1 3945
1 3951
1 3954
1 3957
1 3960
1 3962
1 3973
1 3992
1 3996
1 4014
1 4052
1 4056
1 4073
1 4075
1 4076
1 4098
1 4102
1 4106
1 4108
1 4109
1 4110
1 4111
1 4112
1 4130
1 4132
1 4135
1 4159
1 4161
1 4174
1 4175
1 4179
1 4190
1 4196
1 4202
1 4206
1 4210
1 4245
1 4274
1 4278
1 4285
1 4315
1 4333
1 4345
1 4401
1 4425
1 4435
1 4464
1 4504
1 4506
1 4512
1 4516
1 4518
1 4543
1 4548
1 4569
1 4572
1 4604
1 4608
1 4611
1 4619
1 4640
1 4641
1 4652
1 4677
1 4696
1 4704
1 4709
1 4723
1 4725
1 4735
1 4739
1 4740
1 4759
1 4797
1 4799
1 4801
1 4824
1 4859
1 4860
1 4865
1 4872
1 4879
1 4887
1 4904
1 4908
1 4925
1 4927
1 4933
1 4941
1 4948
1 4950
1 4956
1 4972
1 4973
1 4975
1 4980
1 4982
1 4987
1 4996
1 5001
1 5005
1 5010
1 5015
1 5021
1 5029
1 5033
1 5040
1 5047
1 5075
1 5100
1 5105
1 5107
1 5112
1 5117
1 5121
1 5131
1 5139
1 5153
1 5160
1 5166
1 5168
1 5173
1 5187
1 5199
1 5210
1 5215
1 5228
1 5230
1 5231
1 6050
1 6103
1 6115
1 6124
1 6132
1 6151
1 6229
1 6232
1 6237
1 6241
1 6245
1 6262
1 6269
1 6278
1 6282
1 6287
1 6296
1 6310
1 6314
1 6318
1 6332
1 6336
1 6338
1 6364
1 6373
1 6375
1 6377
1 6380
1 6384
1 6389
1 6398
1 6418
1 6449
1 6464
1 6469
1 6474
1 6488
1 6496
1 6502
1 6510
1 6521
1 6536
1 6558
1 6560
1 6562
1 6573
1 6583
1 6593
1 6598
1 6606
1 6613
1 6626
1 6652
1 6657
1 6666
1 6682
1 6700
1 6701
1 6710
1 6711
1 6720
1 6727
1 6732
1 6734
1 6766
1 6780
1 6785
1 6788
1 6793
1 6807
1 6811
1 6813
1 6814
1 6831
1 6832
1 6845
1 6855
1 6867
1 6880
1 6882
1 6889
1 6890
1 6891
1 6904
1 6906
1 6923
1 6928
1 6935
1 6940
1 6948
1 6960
1 6967
1 6973
1 6981
1 6983
1 6984
1 6994
1 6999
1 7005
1 7011
1 7014
1 7025
1 7069
1 7072
1 7081
1 7087
1 7097
1 7100
1 7101
1 7110
1 7125
1 7127
1 7132
1 7137
1 7138
1 7151
1 7158
1 7169
1 7183
1 7186
1 7191
1 7197
1 7199
1 7202
1 7211
1 7212
1 7222
1 7236
1 7243
1 7244
1 7254
1 7259
1 7260
1 7265
1 7274
1 7294
1 7301
1 7315
1 7340
1 7350
1 7351
1 7361
1 7375
1 7376
1 7381
1 7388
1 7394
1 7408
1 7433
1 7447
1 7455
1 7476
1 7477
1 7480
1 7500
1 7552
1 7564
1 7566
1 7576
1 7588
1 7597
1 7602
1 7620
1 7621
1 7622
1 7630
1 7642
1 7646
1 7660
1 7661
1 7669
1 7708
1 7717
1 7743
1 7787
1 7789
1 7797
1 7798
1 7835
1 7851
1 7859
1 7921
1 7959
1 7969
1 7971
1 7980
1 7986
1 8001
1 8003
1 8007
1 8010
1 8011
1 8018
1 8031
1 8032
1 8034
1 8049
1 8057
1 8087
1 8089
1 8093
1 8097
1 8105
1 8113
1 8124
1 8127
1 8140
1 8143
1 8144
1 8181
1 8186
1 8187
1 8189
1 8193
1 8194
1 8214
1 8215
1 8216
1 8222
1 8245
1 8248
1 8252
1 9075
1 9096
1 9098
1 9108
1 9116
1 9131
1 9140
1 9149
1 9197
1 9206
1 9221
1 9258
1 9259
1 9262
1 9263
1 9279
1 9288
1 9289
1 9292
1 9296
1 9297
1 9303
1 9304
1 9315
1 9335
1 9340
1 9347
1 9355
1 9379
1 9388
1 9392
1 9402
1 9417
1 9418
1 9422
1 9427
1 9434
1 9449
1 9450
1 9458
1 9461
1 9483
1 9490
1 9495
1 9496
1 9498
1 9503
1 9508
1 9511
1 9515
1 9517
1 9536
1 9548
1 9559
1 9569
1 9570
1 9575
1 9598
1 9600
1 9602
1 9606
1 9612
1 9616
1 9617
1 9620
1 9627
1 9628
1 9638
1 9642
1 9648
1 9655
1 9660
1 9663
1 9665
1 9671
1 9692
1 9710
1 9713
1 9727
1 9737
1 9753
1 9764
1 9777
1 9780
1 9783
1 9784
1 9787
1 9799
1 9809
1 9814
1 9817
1 9824
1 9832
1 9833
1 9843
1 9860
1 9861
1 9869
1 9878
1 9893
1 9894
1 9897
1 9902
1 9904
1 9907
1 9908
1 9909
1 9914
1 9943
1 9945
1 9950
1 9970
1 9973
1 9974
1 9975
1 9979
1 9990
1 9991
1 9994
1 9998
1 10000
1 10001
1 10015
1 10024
1 10030
1 10031
1 10032
1 10055
1 10060
1 10061
1 10062
1 10068
1 10074
1 10076
1 10106
1 10125
1 10137
1 10149
1 10162
1 10172
1 10173
1 10201
1 10212
1 10246
1 10253
1 10256
1 10265
1 10278
1 10297
1 10312
1 10327
1 10329
1 10337
1 10344
1 10362
1 10364
1 10387
1 10397
1 10400
1 10401
1 10404
1 10412
1 10418
1 10433
1 10438
1 10444
1 10447
1 10449
1 10472
1 10493
1 10497
1 10513
1 10573
1 10580
1 10624
1 10627
1 10696
1 10697
1 10717
1 10729
1 10735
1 10737
1 10740
1 10747
1 10756
1 10760
1 10765
1 10769
1 10772
1 10798
1 10803
1 10830
1 10836
1 10837
1 10840
1 10854
1 10862
1 10886
1 10887
1 10906
1 10909
1 10913
1 10919
1 10929
1 10933
1 10934
1 10935
1 10946
1 10953
1 10963
1 10966
1 10968
1 10980
1 10998
1 10999
1 11028
1 11061
1 11105
1 11114
1 11136
1 11141
1 11148
1 11159
1 11164
1 11202
1 11215
1 11218
1 11225
1 11230
1 11234
1 11241
1 11279
1 11293
1 11297
1 11301
1 11305
1 11312
1 11332
1 11336
1 11344
1 11349
1 11366
1 11370
1 11372
1 11375
1 11380
1 11388
1 11399
1 11401
1 11405
1 11411
1 11420
1 11430
1 11437
1 11465
1 11467
1 11476
1 11479
1 11483
1 11499
1 11504
1 11506
1 11516
1 11519
1 11523
1 11531
1 11537
1 11539
1 11542
1 11544
1 11548
1 11563
1 11564
1 11581
1 11584
1 11586
1 11597
1 11598
1 11610
1 11614
1 11617
1 11654
1 11659
1 11666
1 11670
1 11673
1 11677
1 11683
1 11691
1 11696
1 11707
1 11724
1 11746
1 11747
1 11751
1 11771
1 11773
1 11800
1 11801
1 11805
1 11810
1 11811
1 11814
1 11818
1 11822
1 11825
1 11829
1 11833
1 11834
1 11836
1 11837
1 11842
1 11846
1 11853
1 11857
1 11881
1 11899
1 11905
1 11913
1 11921
1 11925
1 11948
1 11960
1 11964
1 11968
1 11969
1 11975
1 11976
1 11977
1 11981
1 11985
1 11998
1 11999
1 12007
1 12029
1 12034
1 12038
1 12044
1 12049
1 12051
1 12068
1 12071
1 12100
1 12118
1 12128
1 12149
1 12189
1 12211
1 12223
1 12238
1 12248
1 12295
1 12299
1 12304
1 12307
1 12320
1 12331
1 12333
1 12338
1 12356
1 12357
1 12364
1 12366
1 12384
1 12406
1 12421
1 12446
1 12448
1 12461
1 12465
1 12468
1 12473
1 12501
1 12505
1 12535
1 12557
1 12583
1 12586
1 12589
1 12594
1 12603
1 12604
1 12612
1 12627
1 12691
1 12702
1 12725
1 12727
1 12732
1 12735
1 12738
1 12753
1 12754
1 12758
1 12763
1 12782
1 12798
1 12806
1 12810
1 12823
1 12835
1 12865
1 12879
1 12910
1 12922
1 12930
1 12933
1 12939
1 12942
1 12951
1 12977
1 12987
1 12989
1 12994
1 12997
1 13011
1 13086
1 13087
1 13089
1 13091
1 13230
1 13250
1 13278
1 13382
1 13413
1 13415
1 13417
1 13419
1 13420
1 13421
